1101011011001110
1000100000110000
1111000111010011
0010010001011101
0010111010101101
1000011010111000
0101111010010100
1110010110100100
1110111001111111
1101111011001000
1100101111111000
1111000010101001
1011010010110000
1111010111100100
0110000000011101
1010100110100111
0111000011000001
1110000101101110
1011111001111000
0011000011000001
0000100011000000
0111011000010001
0111011101111001
0110011010000000
0101011110011100
0001100101101111
1000011011010000
1110110011100110
1001010000111000
1101011100001001
0000010110100001
1001101111101010
1011100011110101
1000100010000011
0001011100110101
0101000000111101
0001011111001011
1110101111101000
0011001100101011
1110101110011001
0010010011001101
1000000110000010
1011101000000011
1011001000000111
0100101000111011
1001010000000011
1100000011011000
1001010010000101
0000101111111100
0100000001001101
1111001101111000
0101001111010101
0001011110111010
1110100101001011
1110000011111110
1001000001111101
0100100011110000
1010001111010010
1110101001101100
1110001001010000
1101101100000010
0001110101000001
0100101011000001
0101001100111010
1111011001000110
0001111100111101
1011101000111001
0001011001000010
0111100011000111
1000101111001000
0011001000000101
1101110110010001
1001110110000100
0111110000101110
1011111011011000
1100010110100000
1110001011110111
0111000010100100
1100010100101101
1110100111110010
1111010100010001
0110111011011011
1011000000101000
0001010101110011
0010001100000010
1001000110110011
1000111111101110
0100000110000010
0010100111000001
1111010111110000
0100111010010001
1010000101001010
1101011000110001
1011000101001000
1111110100111100
0101010001111011
1111101010000110
0001011011000111
0101110100110101
0000010001101000
1111100101011101
1111001000011011
0000011001110110
1011011100000000
0010100010110011
1111110111100101
1110100101111010
0000001101101111
1001101110011010
1100111101101110
0011110000001000
1100000111010010
1110101010010010
1000010100011001
0011111101100010
1101011110111100
1001111110100101
0101000100001001
0110111000111111
0100011000010101
1110111011010010
1111011010110001
1101011010100011
1110110011010101
1000001010000000
0100100111100100
1010110111010010
0001100110001101
1111100100011001
1001000010101111
1001000111001110
0010010011101010
1000101010000111
1010000010011011
0011100111111111
1000001010101110
0011000111000111
0111100110100100
1000111101101101
0000010000011010
0000111111000010
0010101010111100
0110011001000101
0100000001001110
0001000011111100
0110010100111101
1001011011110101
0010101110111000
1011010010111100
1010110000100001
0100101111111110
0010011110100011
0100110010101000
1010011010110101
1110110011000101
1000100000011100
1111010101001100
0000011110111101
0110110001010000
1111010001100010
1111100100010111
0000101010111110
0000111001011011
1100100011111010
1100010111110101
0011010000111010
1101010000010010
0100101110110000
1110100000100100
1010101000100110
0101001110000011
0111010011100000
1101011111111101
0101110011010101
1110111101101001
0100010110100010
0100011111101101
1000000010101101
1001101111010010
0100011000111111
1111101101011001
1100010011101000
1001001101001011
0101101110001001
0110110011010001
0111000110010101
1101010110011011
1110110101100001
0111111100011011
1101010011110100
0110010000010110
0100111100100111
1101001010000111
0010001100001011
1011011100100000
0111010010100000
0001010001101101
0001010010101011
1000101000010100
1100110010000010
0101101001001011
0100001011000010
1000000110001011
0000010000100001
1010111010101110
1101100101001001
1000100000110101
1010011101110011
1111011100101010
0010101101000111
0000111000001101
1101100100010101
1011010110000011
0000011111110001
1001000101010010
0000110011010000
1101101110010110
1001101111010101
0110100100000100
0011000100110100
0100010011111111
1011101000110100
1011111001101000
1110011000110101
1010101111010010
1101110000101110
0011011111110100
1100001010101101
1101100101110100
1011110110101001
1111110010111101
1011100100100010
1000010100111010
0011111110100001
1000111100100100
0001001100100010
1010111000011101
0111010011011010
0000101001000101
1000100011100010
0110101100010101
0101010100111001
0001011010001001
0000011010110101
0001000100011000
0100111111100000
1000110101011101
1101100111110111
0110001000101010
1110000101110000
1101000010111000
0010000101011000
0001001000110111
0011111110010001
0010000000110001
1110011100001110